300
582
363
261
-246
-84
-105
45
-150
-60
-174
591
429
516
-15
426
-216
-228
-102
255
69
240
576
423
-30
189
405
-195
360
339
-72
498
585
129
-111
546
315
78
312
408
303
-99
291
-138
297
6
510
330
-186
225
570
108
105
-141
135
-276
-219
180
534
450
42
249
507
-282
186
537
279
183
441
-183
-156
-87
336
384
-147
387
-42
-6
-93
153
-162
201
486
3
-3
165
-201
525
276
420
558
390
228
204
231
-225
132
-237
162
456
-90
414
84
-117
9
174
66
-180
54
366
-39
-18
81
477
126
399
549
354
-222
246
111
309
51
258
-291
579
381
342
573
-51
480
-123
-126
141
318
-285
-9
-258
375
432
345
465
321
453
357
285
120
219
60
324
-63
72
300
-24
306
-177
-204
348
-81
39
12
474
213
333
468
489
-21
-255
528
-132
-120
-159
216
-171
543
-198
57
495
393
237
-45
-27
24
435
147
150
96
-192
378
102
-168
156
75
270
417
561
-288
531
-165
36
144
252
-240
462
117
99
-12
-231
168
177
21
513
-78
93
63
522
-252
234
519
552
-273
159
471
492
-189
-108
-75
459
222
-294
-144
-33
540
-48
-36
504
282
264
567
195
402
372
351
15
30
447
0
-297
210
438
327
171
192
-135
-261
396
-96
-270
267
294
87
207
-69
-234
-264
595
-66
138
-57
-114
90
369
-300
-267
555
-129
594
27
123
483
198
-210
243
-213
48
-249
501
33
564
588
411
-54
-243
114
273
18
-279
444
288
-207
-153
